0.01200
0.01200
0.01200
0.01200
0.01200
0.01200
0.01200
0.01200
0.01200
0.01200
0.01200
0.01200
0.01200
0.01200
0.01200
0.01200
0.01200
0.01200
0.01200
0.01200
0.02500
0.02800
0.02600
0.03200
0.02300
0.02200
0.03000
0.02100
0.02400
0.02600
0.02300
0.01900
0.03100
0.02700
0.02400
0.03200
0.02700
0.03000
0.02600
0.00000
0.02500
0.02700
0.02500
0.03200
0.02300
0.01800
0.02900
0.02300
0.02600
0.02600
0.01200
0.01200
0.01200
0.01200
0.01200
0.01200
0.01200
0.01200
0.01200
0.01200
0.01200
0.01200
0.01200
0.01200
0.01200
0.01200
0.01200
0.01200
0.01200
0.01200
0.02600
0.02500
0.02800
0.02900
0.02800
0.02600
0.02400
0.01800
0.02600
0.02800
0.02600
0.01900
0.02500
0.02700
0.02800
0.03100
0.03100
0.03000
0.02700
0.00000
0.02500
0.02400
0.02700
0.02800
0.02800
0.02500
0.02400
0.01700
0.02600
0.02800
0.01200
0.01200
0.01200
0.01200
0.01200
0.01200
0.01200
0.01200
0.01200
0.01200
0.01200
0.01200
0.01200
0.01200
0.01200
0.01200
0.01200
0.01200
0.01200
0.01200
0.03100
0.02100
0.02500
0.03300
0.02200
0.03200
0.02400
0.02200
0.02800
0.02200
0.02500
0.02300
0.02100
0.03100
0.02200
0.03300
0.02400
0.02200
0.03000
0.00000
0.03100
0.02100
0.02500
0.03300
0.02300
0.03300
0.02500
0.02100
0.03000
0.02200
0.01200
0.01200
0.01200
0.01200
0.01200
0.01200
0.01200
0.01200
0.01200
0.01200
0.01200
0.01200
0.01200
0.01200
0.01200
0.01200
0.01200
0.01200
0.01200
0.01200
0.02300
0.02900
0.02700
0.02700
0.02900
0.03000
0.02800
0.02600
0.02400
0.01900
0.02200
0.02600
0.02400
0.02300
0.02400
0.02400
0.02600
0.02900
0.02200
0.00000
0.02400
0.02900
0.02800
0.02800
0.03200
0.03400
0.03100
0.02500
0.02600
0.01900
0.01200
0.01200
0.01200
0.01200
0.01200
0.01200
0.01200
0.01200
0.01200
0.01200
0.01200
0.01200
0.01200
0.01200
0.01200
0.01200
0.01200
0.01200
0.01200
0.01200
0.02500
0.02400
0.02100
0.03200
0.03000
0.03200
0.02900
0.02400
0.01900
0.02000
0.01900
0.02300
0.02800
0.03200
0.03000
0.03600
0.02500
0.02700
0.02500
0.00000
0.02500
0.02200
0.01900
0.03000
0.02900
0.03200
0.03000
0.02500
0.01900
0.02000
0.01200
0.01200
0.01200
0.01200
0.01200
0.01200
0.01200
0.01200
0.01200
0.01200
0.01200
0.01200
0.01200
0.01200
0.01200
0.01200
0.01200
0.01200
0.01200
0.01200
0.02500
0.02300
0.02500
0.03200
0.02500
0.02200
0.02800
0.02500
0.02600
0.02800
0.02800
0.02500
0.02700
0.02300
0.02400
0.03000
0.02600
0.02300
0.02700
0.00000
0.02500
0.02400
0.02500
0.03300
0.02600
0.02200
0.02900
0.02500
0.02400
0.02800
0.01200
0.01200
0.01200
0.01200
0.01200
0.01200
0.01200
0.01200
0.01200
0.01200
0.01200
0.01200
0.01200
0.01200
0.01200
0.01200
0.01200
0.01200
0.01200
0.01200
0.02500
0.02300
0.01600
0.03300
0.02600
0.01700
0.03300
0.02500
0.02500
0.04200
0.02700
0.02800
0.03700
0.01700
0.02900
0.03100
0.01500
0.02500
0.02500
0.00000
0.02500
0.02200
0.01600
0.03400
0.02400
0.01600
0.03000
0.02200
0.02300
0.04200
